1
2
3
5
11
13
14
15
18
19
23
24
25
26
28
32
33
34
37
39
40
41
43
44
47
49
52
56
58
59
60
61
63
64
67
68
70
72
73
74
78
80
83
89
90
91
94
95
96
97
99
104
105
110
114
115
116
117
118
121
124
126
128
134
135
140
142
150
153
154
155
156
157
159
162
165
168
170
173
174
175
177
179
180
183
187
188
195
197
200
202
203
204
207
208
209
210
214
222
223
228
230
234
240
242
249
255
267
272
274
275
276
279
280
286
291
297
300
302
305
306
308
310
311
314
317
318
319
322
328
331
336
340
347
349
351
354
357
362
366
367
376
382
384
386
390
391
403
404
409
412
419
421
426
430
431
442
447
452
453
455
458
462
466
470
479
481
485
487
489
490
492
494
495
511
512
517
519
523
525
528
530
531
533
537
538
540
541
543
546
548
551
553
554
555
556
557
559
563
566
567
572
574
575
576
577
579
580
583
584
585
587
590
596
600
601
603
606
609
610
611
613
616
617
618
619
620
621
622
624
626
630
634
635
640
642
643
646
649
651
652
654
655
656
660
661
664
665
667
672
673
675
676
677
678
680
682
684
685
691
698
700
701
702
704
707
708
710
712
714
717
720
722
727
728
730
731
732
740
741
743
745
750
756
760
762
771
773
774
782
786
789
790
793
794
796
797
798
801
805
806
807
808
810
811
813
820
822
823
832
834
836
840
843
844
845
847
850
855
856
859
862
866
873
875
876
881
884
885
886
887
890
891
895
903
905
907
910
913
920
922
927
928
931
932
933
935
940
941
943
946
951
952
953
957
958
959
961
963
982
987
990
998
999
1000
1002
1003
1004
1005
1011
1013
1015
1019
1021
1024
1025
1029
1030
1034
1035
1039
1040
1042
1044
1049
1053
1054
1055
1059
1060
1064
1065
1068
1069
1070
1071
1073
1074
1075
1079
1083
1087
1088
1089
1091
1093
1096
1098
1100
1101
1113
1125
1128
1129
1131
1133
1136
1137
1142
1144
1145
1146
1147
1148
1149
1151
1153
1155
1157
1160
1161
1162
1164
1165
1166
1168
1169
1172
1177
1178
1179
1180
1181
1183
1189
1191
1192
1194
1196
1197
1200
1203
1206
1207
1209
1213
1214
1219
1220
1225
1231
1234
1235
1237
1240
1243
1244
1245
1248
1249
1251
1252
1255
1258
1259
1262
1263
1266
1268
1271
1272
1273
1274
1277
1280
1284
1290
1291
1295
1298
1299
1300
1308
1309
1312
1320
1328
1331
1334
1335
1340
1344
1348
1352
1353
1354
1355
1357
1359
1361
1364
1368
1369
1375
1378
1380
1382
1385
1392
1393
1401
1412
1415
1418
1425
1427
1443
1447
1449
1455
1457
1460
1464
1468
1472
1474
1481
1489
1490
1491
1493
1496
1505
1506
1507
1510
1511
1514
1515
1523
1527
1528
1529
1531
1540
1542
1550
1554
1555
1556
1561
1565
1571
1575
1581
1584
1586
1588
1594
1595
1596
1600
1601
1603
1604
1605
1607
1611
1613
1614
1620
1625
1638
1641
1643
1645
1650
1662
1667
1668
1673
1677
1680
1682
1685
1687
1691
1696
1702
1707
1709
1710
1713
1721
1722
1723
1726
1730
1732
1740
1741
1742
1752
1756
1758
1763
1764
1765
1768
1772
1774
1775
1778
1782
1784
1790
1791
1796
1797
1799
1802
1807
1809
1810
1811
1812
1814
1815
1821
1822
1823
1825
1829
1830
1831
1832
1833
1835
1836
1838
1840
1843
1844
1845
1846
1847
1848
1849
1850
1851
1854
1856
1857
1859
1861
1864
1866
1867
1868
1869
1870
1871
1873
1874
1877
1879
1880
1881
1883
1884
1886
1887
1888
1889
1890
1891
1892
1894
1895
1896
1898
1900
1901
1902
1903
1906
1907
1910
1911
1912
1913
1916
1919
1922
1923
1927
1932
1934
1936
1938
1943
1944
1945
1948
1952
1954
1957
1958
1959
1960
1961
1968
1969
1970
1972
1973
1974
1975
1979
1980
1981
1983
1984
1991
1993
1995
1998
1999
2000
2002
2005
2014
2017
2021
2026
2027
2028
2031
2033
2034
2040
2045
2050
2053
2055
2057
2059
2060
2063
2069
2072
2076
2080
2082
2086
2090
2093
2094
2096
2098
2106
2108
2109
2110
2114
2117
2119
2120
2123
2124
2126
2127
2132
2135
2146
2147
2151
2152
2153
2154
2156
2161
2162
2163
2164
2167
2169
2170
2173
2181
2183
2186
2187
2188
2189
2191
2192
2193
2195
2198
2203
2206
2209
2210
2214
2215
2218
2220
2222
2223
2224
2227
2228
2231
2232
2233
2234
2239
2244
2245
2246
2247
2248
2250
2252
2255
2259
2262
2264
2268
2278
2279
2283
2286
2287
2288
2292
2293
2295
2298
2300
2301
2302
2303
2304
2305
2307
2312
2314
2315
2317
2318
2320
2321
2329
2332
2334
2338
2341
2347
2350
2351
2353
2354
2363
2365
2367
2368
2369
2371
2372
2374
2375
2380
2384
2385
2386
2387
2388
2390
2391
2392
2393
2395
2396
2401
2402
2406
2407
2408
2410
2411
2414
2416
2417
2421
2423
2424
2426
2429
2430
2431
2434
2440
2441
2444
2447
2448
2450
2451
2454
2459
2463
2464
2465
2466
2467
2468
2469
2470
2473
2474
2477
2478
2480
2481
2484
2486
2487
2488
2489
2490
